89,1
89,3
78,1
78,3
54,5
54,4
54,1
54,3
14,8
0,478
36,6
36,1
36,3
0,477
0,476
44,4
45,7
45,5
45,4
45,1
45,3
14,5
84,3
14,7
44,1
44,3
43,4
3,2
3,1
3,3
10,93
10,283
10,293
10,255
10,81
259,590
259,589
259,588
259,587
259,586
259,585
259,584
259,583
259,582
259,581
259,580
259,579
259,578
259,577
259,576
10,139
259,575
259,574
259,573
259,572
259,571
259,570
259,569
259,568
10,21
259,567
259,566
259,565
259,564
259,563
259,562
259,561
10,295
11,15
11,22
11,11
11,17
259,560
259,1
223,5
223,4
223,3
11,29
11,6
9,5
223,2
223,1
8,17
8,18
8,9
8,6
217,3
217,1
215,4
12,3
215,3
215,1
214,4
214,3
214,2
214,1
103,45
103,44
103,43
103,42
103,41
103,40
103,39
103,38
103,37
103,36
103,35
103,34
103,33
103,32
103,31
103,21
103,20
103,19
103,18
103,17
103,16
103,15
103,13
103,12
103,10
103,9
103,6
103,3
103,1
92,3
92,1
87,3
